0.283367461172891
0.293000865183203
0.386704846926832
0.143603107203075
0.502723203177303
0.438507927525722
0.268194407911825
0.347832970780158
0.537231483202646
0.321215963349628
0.234589953403717
0.458718233045149
0.101313228147059
0.587908062360254
0.410892321364878
0.773723938216457
0.384978568438053
0.33225925926777
0.693411698687985
0.620493220639088
0.393257505507981
0.629221675679889
0.629787023265548
0.495408648088803
0.531905201423008
0.283423164257554
0.518517979896549
0.384435082148652
0.591979731032105
0.60119113579139
0.418222798668333
0.634738168563383
0.576270120787753
0.42562067487691
0.612744929010648
0.430347057944407
0.265949881538838
0.651434333003387
0.348527612133539
0.590900911785388
0.0884038855939521
0.539651562119799
0.535058691854963
0.400783980834678
0.579592736384342
0.269780755374415
0.484529781456824
0.623267906958476
0.494506383464224
0.335209417816789
0.57073726305605
0.451630675075325
0.556264726925239
0.0399719622932971
0.41104280639923
0.40966644247686
0.563579865097666
0.455368790778503
0.524403914441887
0.536519610031596
0.632425095452561
0.113893910922576
0.151390735377904
0.723881740845539
0.613787145436441
0.339855204985358
0.273038227082529
0.734138073188789
0.198271420590207
0.315015089413339
0.23186901093158
0.26668247721897
0.413921215016721
0.575313972647375
0.405069128685623
0.453291699558943
0.245774319392113
0.456135908425974
0.18242719003447
0.489923273232191
0.466952484457179
0.433914938248474
0.818963986233088
0.530033521231778
0.400147061913678
0.444572602664297
0.366993583008056
0.22767616685955
0.543448577052534
0.364095486486117
0.355712124082931
0.587596141570306
0.149564153585357
0.335126903489624
0.439045593076713
0.379399958648106
0.358552282932559
0.639692843069051
0.232395679676297
0.340124900869032
0.534899753631057
0.474654491292329
0.419439850823176
0.312310992522807
0.369644405833544
0.400951501358406
0.364508626683509
0.444870294554295
0.573920844860978
0.433798041674087
0.228000759699449
0.617440325562076
0.5478980434215
0.304172291704226
0.827047822058069
0.48439105345528
0.406517407951521
0.225630721792478
0.560575814662544
0.301311289233373
0.303291167644728
0.463155420557777
0.322475976601812
0.365065145514483
0.468645166397623
0.381258100024745
0.473927171572491
0.924760479524127
0.564011229304316
0.293947644315324
0.401389013322438
0.593818632367845
0.530154249859874
0.596176550237784
0.434042157970039
0.881563994847085
0.171372945669045
0.594808712886125
0.607859781134948
0.511437642372465
0.271198094242563
0.426538457683797
0.162550715570219
0.417871395602108
0.425423459965084
0.404614739293324
0.54700345128193
0.381375811342331
0.404298636245133
0.414012829719289
0.527277154528092
0.250178065926271
0.385961045805179
0.569131768075225
0.501841857590926
0.480460694996661
0.507028465358555
0.423133409772905
0.572526279467601
0.518052462838998
0.306521431022073
0.541926998044714
0.645332181637091
0.507971902265354
0.436078602549717
0.361951053587347
0.672045778349862
0.559204686838042
0.364811868128569
0.383576151186057
0.281785067226479
0.300248112930104
0.356193757393378
0.184346947501528
0.575167708377006
0.285960061679977
0.505522219378802
0.76534192840153
0.520365951724234
0.140292085982318
0.414787189208501
0.273493313048613
0.631752763909245
0.530697913276293
0.0907041960642374
0.390848936453958
0.297941746709073
0.532434815227598
0.539475033722197
0.161236363396577
0.539312487308015
0.3658286174792
0.317808220885606
0.269149326305755
0.602291754950132
0.350026776000364
0.424608871047976
0.552516257579164
0.320859656167312
0.3482079296714
0.537471016216008
0.271780771573548
0.240086594463404
0.337319924864387
0.594683776367552
0.434532659950739
0.422387449492994
0.532552534262837
0.358891533678264
0.134497190195006
0.424991505221183
0.678258803307796
0.510965109449343
0.442197649560918
0.524973590482074
0.271111989524793
0.386791882818327
0.636503561849744
0.315829340890405
0.421351241354669
0.436258504918188
0.454514896899282
0.535745827091146
0.332585278271328
0.354719565821475
0.431540741874941
0.680829351384359
0.365397831622398
0.436447565289317
0.344490062542292
0.351646891079799
0.265924642591822
0.501168462419893
0.55043364208195
0.277266091418838
0.408969143808205
0.460256932952925
0.520985224123716
0.409880459393716
0.292446996685069
0.226263695757218
0.563467368697639
0.180289840019027
0.576243723936364
0.2799904269374
0.234544646844087
0.279261654362661
0.31395853686466
0.320738400013941
0.216525624622907
0.46660263463931
0.169604034011639
0.415762189960176
0.590575854117694
0.589237816586055
0.348824556400661
0.865420413864269
0.764302619306963
0.536192958907339
0.458491723064108
0.19240429139872
0.512123588302899
0.590803931597465
0.426153980229988
0.382802767600264
0.440398031717693
0.515611245851831
0.105477485104827
0.546792557158707
0.445997723283573
0.442679722670665
0.585429841292671
0.544424307763266
0.219772326082648
0.345675436374498
0.306337994763354
0.625775891533992
0.402652399831102
0.209836891983269
0.667834744815371
0.363185066949627
0.609809232433095
0.612601714746742
0.388909972767848
0.343000606673608
0.548460797430438
0.488863189931154
0.364403897562196
0.5323779518583
0.373543105607107
0.691389813925873
0.463956791067888
0.389046428561352
0.411809687301104
0.369602705735995
0.558865305788543
0.272210932681284
0.352407297865124
0.554870940386423
0.645094278453935
0.0753211445495468
0.742421910031238
0.485421138022829
0.36360831549322
0.573334365526115
0.694001756015492
0.572315607834828
0.419255983050207
0.493843203203304
1
0.390630067829876
0.446862593204484
0.0943348782846303
0.323995916558878
0.381543286723961
0.412006536321691
0.215858534820948
0.51765791960146
0.187954009268554
0.292285973306183
0.302449176485048
0.485789279327473
0.415119959086448
0.549144922431833
0.575046233393908
0.735351970234554
0.413213557776685
0.313316833956706
0.33225667525018
0.460379768675106
0.495309793982801
0.313385160575129
0.487507112359072
0.587551827062845
0.563963079615463
0.481616546992282
0.247258970052493
0.397718569283939
0.519599450638532
0.574111707113339
0.247696713153054
0.379465808579368
0.097397282699355
0.396076590477955
0.335782173092946
0.491704917281231
0.331816741256441
0.631846007035305
0.185367964385391
0.467253562216489
0.430346292655466
0.20078201478971
0.622552495911802
0.263268497129855
0.669497966599828
0.314412390466954
0.178119881248642
0.30978793500467
0.495703742911729
0.547266863404383
0.615553767470309
0.663175204810341
0.726968190705619
0.572842279951151
0.187573846701972
0.550408050476555
0.243464662010263
0.352018371130532
0.0665780948643353
0.150647977716058
0.359702290741673
0.201626299206029
0.38567275005573
0.514344457699703
0.530398626579981
0.302715053296539
0.731293622955524
0.520287838767538
0.584847517287406
0.648771426424694
0.350267587107983
0.340285845050555
0.110921347333388
0.251166316784208
0.490163879566466
0.409131597241938
0.289132982551693
0.270357004240161
0.282497744398597
0.288295968218863
0.341173402539144
0.248479758130589
0.193894463589787
0.608103598443219
0.507459352506868
0.260512920318051
0.344122343948977
0.143557975578282
0.224729378125491
0.66070713985251
0.519045030830528
0.384897027977
0.323135933433208
0.698648607634037
0.576390012797993
0.581907032128361
0.269379183836633
0.279789306414441
0.0570482780016118
0.427349586242145
0.404943459614283
0.512684317696024
0.494795370513099
0.545239304547086
0.407677094076887
0.670220699464901
0.839792691179775
0.482310186556607
0.412961684565469
0.267855020828305
0.479173688811851
0.35529745832147
0.456715456561998
0.455822142941397
0.390802309118592
0.204881987436494
0.401662713487336
0.447400937832154
0.527159295281762
0.584448059065121
0.396229945106139
0.417815920519308
0.754286475922361
0.54587029889071
0.51716880333237
0.223036313886373
0.483426455383083
0.735904191270893
0.59780466875339
0.389717036911432
0.74172115305728
0.605606320276081
0.503092542707292
0.423228974702711
0.399621526239034
0.411402924352623
0.372484480669196
0.451106921750077
0.474980848936147
0.321354435543273
0.293541195156315
0.602572110324555
0.675434932032794
0.587271400030931
0.364845567608937
0.773307510931625
0.373958597919355
0.449950284567407
0.651743708386779
0.232627144746568
0.607221465273443
0.547549409914398
0.482195038516691
0.433727586570356
0.480534176398072
0.298739191494141
0.525568430206647
0.431137073814088
0.557896121496591
0.416733320067476
0.527090580703207
0.321267008777342
0.383559673044091
0.401462781759909
0.304584870908194
0.223851002940481
0.686086147605864
0.541582330826561
0.382101574803412
0.328370747760103
0.514556161108161
0.251536591279246
0.294688232652521
0.380017235682213
0.423598959971706
0.596333038445865
0.619025333308071
0.4843058188316
0.261361597182019
0.271181049085261
0.303762701154549
0.38928776783056
0.34349560282585
0.262747241700574
0.321465762913464
0.40693297839943
0.550028044578502
0.457883770420042
0.254653132113444
0.482579097214139
0.424469219978875
0.584549034871935
0.30121335044236
0.253921533927057
0.583182189574279
0.188759624415002
0.548355227409244
0.410953811067952
0.296923963224718
0.304798141580428
0.650683311133026
0.349873560373765
0.422441567174392
0.333746400619741
0.164358280211202
0.462436973922446
0.501191731294557
0.484520480816241
0.669669765778232
0.26043763738275
0.0321939084448357
0.499404199256121
0.587678526205406
0.515619086602577
0.169255033252247
0.253992585907395
0.532884226910152
0.408761692911927
0.473315253771861
0.489863580679577
0.411796976901528
0.329458682454563
0.575912855147863
0.415476379946899
0.611642105860493
0.342256799429385
0.339596563712823
0.586542634214335
0.605373378554266
0.4532019449491
0.209756911817919
0.212911699782564
0.595821849192574
0.601455624201961
0.601960674705859
0.312393132996135
0.500954300333694
0.514807562847935
0.422381600878016
0.532774404360937
0.666858224932861
0.248733083885563
0.519705442921668
0.495913041944387
0.560207706631228
0.288467453444795
0.380644974733499
0.329111654574291
0.553968544098235
0.648669967351609
0.463656450309258
0.367896436269202
0.554154841916277
0.264564342986131
0.231979073932826
0.316685796908649
0.409212717234721
0.763061425156605
0.392362571407276
0.613693882183423
0.23911692584631
0.808753775241356
0.450117845709721
0.307012546550307
0.139321510076101
0.692800246881706
0.489145545258569
0.638198784018807
0.449099299007099
0.162351111714847
0.507240717137907
0.417002259121362
0.000969085467809553
0.469944582352596
0.311196976588553
0.641932160769908
0.622228596908099
0.540910429703643
0.438162475728753
0.56649306001266
0.418725553357249
0.393236573296492
0.733369833449572
0.332480749261719
0.280888541916787
0.400111794015437
0.406998509148719
0.532756364059934
0.365725359533994
0.260428928954792
0.635565960734384
0.421262324217897
0.563626992309709
0.641693443448372
0.355034240149006
0.276635215801621
0.417293974186576
0.410287850765092
0.38341634966453
0.418253457977773
0.375738923522194
0.600030110095839
0.317367801599186
0.628959816049577
0.423927873469233
0.395457871891764
0.404405576943005
0.480563504117207
0.462071163578453
0.470577226245815
0.366369601941569
0.345505043327658
0.424262414539945
0.450523073019007
0.689014408755547
0.260319480343079
0.619889720440621
0.369862282432239
0.452629980889417
0.490740475225268
0.431940096845327
0.334378696309041
0.393522778591988
0.350549111215783
0.406506421337696
0.462824202666108
0.669016421547487
0.520649235882607
0.469176818949685
0.566304201082225
0.35819727724587
0.531973228929028
0.481763223382046
0.456343053605728
0.228351678391519
0.44997459846053
0.54255488718097
0.473785731874213
0.389028389272059
0.447187817815093
0.222788599733129
0.275922310630094
0.497793426823284
0.696057656392212
0.486072018938564
0.251275869091389
0.25094430542911
0.336835858986893
0.536638382175077
0.305657579476437
0.489136592190755
0.171356789859091
0.166991987477757
0.584387431599635
0.63315622506904
0.736392779246504
0.650286107182071
0.585723401847254
0.340594597958854
0.364757241452553
0.561113966824267
0.281822450140623
0.492680400715848
0.454420898618516
0.273249347825542
0.477923786907282
0.64142402744455
0.420666552067698
0.379802978529863
0.800770397879227
0.293001813926701
0.22424348102828
0.587848695432631
0.165652906925253
0.41533586618726
0.600936326319849
0.312102867731791
0.656963736102723
0.644817297298464
0.293749711258121
0.22282009850675
0.508864470271042
0.656941505105637
0.384455486885904
0.549742840715312
0.425736203943235
0.366642657883609
0.389075430416298
0.627470938711906
0.539735673227341
0.543322313496309
0.388325512768386
0.0834968482252512
0.304648944531008
0.548805375306057
0.338332212260677
0.158208622375023
0.667656836018025
0.404099003477496
0.325187867617566
0.275799566313766
0.163626707983021
0.292019481041955
0.451215066768396
0.759124793585407
0.136199885361945
0.528033286267373
0.286172686808083
0.319900718449198
0.415223370493611
0.685617808156927
0.329193789922369
0.125544253372671
0.417674639285611
0.105129769552485
0.687744546872249
0.622018188952277
0.200993352324827
0.464241428090764
0.651553937782507
0.763222797808984
0.537179576036298
0.157640951117876
0.721810798584823
0.452476389186082
0.3971348413924
0.533282887999226
0.134958746466485
0.558662209049664
0.391605943050439
0.542045041208435
0.473154535328838
0.369110032116104
0.398494874557903
0.26069514366316
0.381308111176303
0.274185952998364
0.365361217437148
0.308999760257969
0.429543306182079
0.582613763803083
0.604270738759711
0.337680831099175
0.351962048880574
0.373221074186721
0.498456285608148
0.252422102008759
0.658079949119871
0.566327162102386
0.383117944457401
0.442783554944396
0.456853884517704
0.651299710783423
0.3004296527379
0.442154982367299
0.586666655242262
0.234838489527067
0.402405509230538
0.522357695447019
0.301627417651534
0.559122073114559
0.407513978919432
0.323762841822647
0.798035520339402
0.377176957144421
0.524279616506936
0.405993223787243
0.34543461423343
0.749525042587134
0.701587296004164
0.237055034454537
0.312454101403881
0.419618776424455
0.511537637716272
0.228031360810582
0.529693573995172
0.598314865849958
0.14190598517691
0.626322395047705
0.610633122774867
0.724166455367842
0.293434809734109
0.515153732082765
0.395551713327545
0.470440934137152
0.337624373781376
0.509382852587464
0.209555248936104
0.451268884144798
0.524467863907507
0.37073556137831
0.80712641828942
0.584535102480236
0.349359695319888
0.52135715122092
0.59762576383823
0.529914898582876
0.429773911731368
0.435665952880546
0.591198962769635
0.384152413479569
0.286235666558511
0.403241140671837
0.320358476150167
0.47852214379776
0.384994368531744
0.299828703209318
0.393105195326578
0.0214172810522243
0.460682176281727
0.239064467447755
0.480589294155461
0.609038315683014
0.19202677185318
0.321697304626915
0.499429392910286
0.311882966450851
0.392879427198112
0.404406989726982
0.410040322236758
0.482897883608743
0.6998351150815
0.143061933565683
0.490995889751419
0.705697607850338
0.244975207961038
0.403467531768265
0.316635741770295
0.448819229840937
0.189613922022662
0.578697422702038
0.449061863929026
0.246362770056907
0.272420100838775
0.511019659252379
0.456734163594816
0.424923510132011
0.412779261687795
0.215773565181243
0.446573534466993
0.389441915049891
0.0257403587185211
0.601598408224438
0.332445665997984
0.486183172849586
0.392969206748101
0.228266419479541
0.454617624462462
0.554139440626799
0.490656350593697
0.214468044112623
0.413373007199066
0.382022748932907
0.492047108775526
0.60894780464995
0.19606465279156
0.216685620021136
0.509099084607198
0.394023810075005
0.340276818522978
0.352658294052314
0.0670662024478291
0.506688297333155
0.507366087978591
0.188616442452146
0.232810562966089
0.355408103526554
0.511072745299306
0.381949144146062
0.447778758427738
0.337218971239929
0.469186242725919
0.335198185175534
0.740651297196728
0.435074280486057
0.498303339123712
0.311879540786338
0.52876566005137
0.42515326488961
0.134163263179784
0.280429165614941
0.402022898212639
0.370584594257388
0.207758360491578
0.400400420544878
0.0342113038584023
0.671035493261134
0.55446503507001
0.59575120810863
0.394480890813495
0.262286240918427
0.411257579365416
0.620663483252519
0.751713246506982
0.528919244685226
0.398083579657311
0.524600035064954
0.457574685490868
0.496672729686018
0.508914085460018
0.400877239374586
0.265225243699239
0.490061235144452
0.186262118047607
0.510623312522169
0.249538247073654
0.338065069901693
0.401258049953344
0.681996480024773
0.340303920696105
0.393701601118186
0.529507953274961
0.408680874674301
0.324625844887181
0.510654610908151
0.399672497681522
0.465031714278912
0.375227310714748
0.596120995515979
0.532080586623494
0.407523210358691
0.212218109266915
0.349887438454833
0.269972669052469
0.560829692247654
0.279940059467861
0.416394859564609
0.387417006304228
0.302624784591761
0.37253928223792
0.458375597038994
0.421818643273533
0.438807717441535
0.329901423501738
0.139250254453798
0.328661200590389
0.371311447465683
0
0.544844405356139
0.579662919807751
0.22695074654417
0.829944923345236
0.372790688175277
0.629859251769657
0.149488441591627
0.560477098546769
0.29332864539142
0.613137215639338
0.349335048334067
0.278188066446874
0.573558212061401
0.430727280524094
0.641549372960764
0.329420776281896
0.400658074025895
0.547563386320421
0.492001502975795
0.459043062119306
0.600379913818437
0.154285090825676
0.421104284885577
0.257171232905684
0.530622665453222
0.533106963442279
0.609325770354219
0.41689627990924
0.326018332520007
0.277013739367052
0.843562375157241
0.550257638833398
0.123881558211099
0.36964102982892
0.523712330903447
0.149971984379069
0.349681751230591
0.650857804800504
0.441245559282821
0.557566514854372
0.580732642343179
0.420534839486593
0.424366753948294
0.419884299279113
0.310586339834918
0.521879364721019
0.415402378561804
0.519106843882088
0.559167184362721
0.374204296887444
0.289665693655397
0.367192681863295
