63.1556969096562
64.5424891312316
67.6178429358723
57.8096077636146
71.4325629680423
71.1721389112221
62.7317231406855
65.4426519327138
75.7054886455341
64.4673676156724
62.0225195023223
70.9205052153581
54.4992166883728
76.6323000825893
70.9682942587683
85.207678559097
67.491131832674
66.7780024251019
81.9497346847885
78.1765338331615
67.6280022129507
77.6546868419655
79.2632015869256
72.7397305607324
73.1162019640479
64.4154707826826
74.3511264671875
68.743568035312
78.7534189346726
78.8494387061542
69.053998078964
79.3016803966207
76.5839471181614
69.5714293432278
76.2823164265117
67.9513405817576
62.718342894019
79.5038257729311
66.1133158739111
77.0961880478314
54.3183330051719
75.3356857767938
74.1793922944871
66.1793988292476
75.3418013412797
62.2110949389813
70.6582144826883
78.1826860888611
72.9913270795074
64.9068212725563
77.3905855394892
68.9786994729387
75.8260625194741
52.250970814506
68.3476777124459
69.8778867351738
75.6867781421747
70.4468764242918
74.6695795687019
75.7642869413048
78.3695122700093
55.0825851673889
56.7045714755374
82.0982241035047
77.7059900321346
65.3415519670181
62.294034492163
82.6197232505276
58.910930026445
64.7310235200381
59.7496027823486
62.6087581195753
71.7186758857086
75.8370851120366
69.3495025123041
71.2542885100354
60.3976312592933
71.8256853763657
59.0427899800106
71.1804388260755
70.380009407625
70.6614376192242
86.9394022610216
73.169026531901
66.9553339022459
69.8601159503721
66.7413190708064
61.3282599729678
73.3598148622568
66.0880103275375
65.5179691995496
75.544099264894
58.9937533955525
63.3002792656025
70.4815603283344
65.8672119336796
64.8849938470233
79.1205752304452
62.9325391689677
64.1577532197663
74.1754229019516
71.4706956997184
69.1511567180357
65.5414741174371
67.5354216848372
68.3551235671138
66.0644067707261
70.2388964271474
76.3157921909583
69.2359084542851
60.6877759606754
77.4520455406584
75.2274764641369
62.2798613228813
87.8936449250951
71.9165814306575
70.2663075402041
59.7194020787706
74.9022622906756
63.4647681966865
61.9104225079065
71.7747614132069
66.8201075156914
67.611743990857
71.4103463787636
68.9482145964635
69.5888089208381
92.2698292651786
75.5874212155101
61.9811408407304
67.6820948675122
78.3563990624241
74.9374537139244
77.6283908429858
69.6470566681538
90.0110938418722
57.8960343021866
78.2320756849002
77.3830313360437
73.0294837427765
60.6780460524773
70.4062596656807
57.4972752033662
70.6138661732871
68.6663523705283
67.6742866271096
74.1406301487637
66.3374232178952
68.8928120176069
67.4060421120242
74.9481466634231
61.5763789151412
68.7715935934476
76.2899876108664
74.6732535564862
71.355112200667
72.1125464840629
68.7409121240295
74.3528334002207
75.0625253708951
63.4860871475179
74.2733979961131
78.5631681676268
72.8295783028125
68.5670794282665
67.302634395531
81.3423298051363
74.1421603814559
66.2849516712839
67.670365471291
62.3985625012229
63.2849663954281
68.2130133224425
57.9921426172817
76.1666441235989
62.1633121186129
72.6818490983572
86.7555272773501
74.1616157582345
55.1612250231962
69.8620085902186
62.1384733065707
78.9685486989057
74.9382439341534
51.9692188423152
69.2197342608293
63.2989324992737
72.5951825256612
75.8053082128285
57.2583706014264
74.1862058148032
67.7381612426606
64.8479379878618
61.801818509815
77.3272520596701
65.9079535311626
70.2955988544723
76.0038157702535
67.0444661771988
65.5022707839124
75.0024900193227
62.0206132795893
62.3593442890584
64.6803337127596
78.909410431173
71.0006749509226
67.2964544442561
73.2231090317301
66.4528294863662
57.114439663305
70.479320047676
80.7411162359084
72.569548019143
69.8075792900053
74.7285792566303
62.1579131681201
67.2917916485442
79.5809148026224
64.7371302700513
68.1985648340589
69.719016758021
69.5275538369936
72.926722351508
65.1584085466054
68.3391147804268
68.8510361540224
80.7997319428387
65.8550074420405
69.3834600600369
66.5511500840567
65.3873713230938
63.1215281199002
73.5538390750136
76.0915162978533
62.5405054975475
69.251379070485
72.7905395147291
72.0908225555109
67.9287948043872
63.4980657225831
59.8736015888119
72.8546625184636
58.6139923036824
76.9159325138557
62.2430307293675
60.8641098563593
62.9074512138871
64.396580719764
65.207422601561
59.2637195471662
70.6091538222292
56.7002267889983
70.3859023070986
75.3881637174945
76.6856574816992
65.7739249640872
88.1447750550635
85.2385497964836
74.83673576739
70.5280805197503
58.5460318779423
72.793751930954
77.0834414506772
69.7094261469555
68.2582275337331
70.5614321400955
71.8303437379416
54.2051840707488
75.74880208992
69.3613213570678
70.4713151047291
76.5313636462272
75.0137819781147
60.6972846846782
64.9123705368233
65.6063482022301
79.8880288596822
68.7227657293265
58.652337640394
81.0886048614074
65.7165370679272
77.6705744197463
77.0716191639369
67.655692123926
65.0437160350963
75.0677248828268
71.7884651499597
66.786939762967
72.6779862766547
66.9197930625307
82.0649317894726
70.7671686102906
67.4673059404359
68.7919317834645
67.7974652759612
75.6845563416584
62.5562701427586
66.5023893750831
76.0811697272242
80.3100222454064
52.8358352515422
83.7138230294041
72.2802946627767
66.2601091525997
77.8392130186654
82.8070369511264
75.5256672118505
69.8296712640015
71.97441596815
95.4990297769153
66.584807021054
69.6222840763692
53.9404173897554
66.3918958978155
67.376270772881
67.9649462605495
60.5316731026801
72.3157443669332
58.3938737483183
64.284587295851
64.5171067888117
72.9030638211931
69.3877752264658
74.9121035803235
75.4184718566157
83.0324263387156
68.0989806032149
64.4604204259236
65.4224763019061
71.0863717414771
75.3182846645938
62.4454192171676
74.6948446724496
76.557522509915
75.9938219481015
73.0049021374062
62.67514014234
66.7105534554838
72.9337081171363
77.533206716536
60.9327035135113
67.9841327794838
53.0538006376478
67.9533201415842
64.986068160632
72.2077399187442
64.6226865454442
77.793824531796
57.8636260075313
72.6629852656449
70.7542582201883
58.5722003272765
78.4709608043097
60.499938270534
80.6431078429592
64.0746297557576
57.1464722777307
64.0491287837838
73.7334380399693
75.2348288783926
80.6442029757678
79.8840086072223
83.2668464257931
76.8329506065057
57.5889539909201
74.2491372275039
59.6498740912812
67.16919401978
54.7198557201706
56.626326581956
67.3287275167855
58.4122115430083
68.5908155287292
73.8077753502581
75.4629074953137
62.2071032107536
83.7017116420539
72.6589651084158
77.1046786356836
79.8649603328052
66.595011433474
66.1298627834798
53.7814195813006
61.3205813471803
71.1872252880249
69.3074692285866
62.680188033408
61.7152716050537
64.371856255697
65.484029475063
66.4500507470192
60.5801328457453
57.7578116800275
77.4243494861447
73.6645667315765
63.4625440767215
65.5423487297075
55.5667815156191
61.223168590908
81.9691451301813
72.1232733068843
68.3022125880015
64.428290054291
80.7722406341005
75.7358852760093
77.010763060755
63.1321304404202
63.9830541880102
53.8557914272994
70.4956410149337
70.3515564869358
74.096721979009
74.226211839982
73.5971500402743
68.9284313667783
79.8606720027409
86.97551881107
73.2797603591497
68.9710159013563
62.0954595932458
71.5676388797375
65.9618729083426
69.8025110329439
70.5464834560491
65.9250052836453
60.6893059537651
67.7162393003986
68.9598898002154
73.1735783261127
77.6287589298255
67.2303181557804
67.4528384056786
84.3629375578311
74.7588765099063
72.5211375792904
59.684413936182
72.2795842851122
83.001497797716
77.2695122207036
67.0668972266341
84.4521165906696
76.8139988155972
72.3823811015909
67.6056275989666
69.3018573237444
67.7202796697403
68.8043095447572
70.7310394833273
72.4562963034745
64.6323712237315
63.0872032711716
75.845369045816
80.7303579111787
77.0085309675412
66.6136117076861
85.9483140548734
67.2425919989593
69.6763461291671
79.9156041613636
60.8573896048958
76.9743360406191
73.5144198095247
72.7233314218678
68.5425141779606
71.1444793528443
63.7032130681987
73.4446990597315
70.3954429457097
74.9587693705238
69.6259156023248
74.8345274066929
65.3796165226305
66.3338181962321
68.7966587500121
63.0710332815531
60.6120732420286
81.9836550836479
73.0161451692911
65.9960637143057
64.0357335977688
74.2366656757965
60.9093671530138
64.4291323589007
66.8561284005818
69.0840845911219
77.4263184380603
77.7752115255623
69.7651949105809
62.5313234632969
62.9866539632227
65.5998135332563
67.3943158519579
66.7175526556162
60.9737318963376
64.9187449765505
68.9755973993473
74.9039038450125
72.1358473626871
62.8506123832836
72.5656279057206
68.5908222713865
74.9303829490027
63.2450100588529
62.4280093192429
76.3736251804877
58.8625046824339
75.5893698202076
70.4748693081171
62.9588646298774
62.2928356286298
80.1796823498584
66.3202393078327
68.9949607207884
64.6123219859355
57.5465184757331
69.4640649836248
72.5341393957455
72.2435822267746
78.0349045272286
61.5590882756924
51.9027652039095
74.0107754606712
77.1216381002632
73.7824309033759
57.9581318175373
61.9217061439275
73.961000274677
69.3828936641163
71.5424402983651
72.5394377416948
69.4885318688583
64.3382589799498
78.3122585499809
69.2970441564728
77.4985891058039
65.7402956369758
64.8800538038255
76.3566431975481
78.9768991833541
69.1159686753449
60.3609823017922
59.7879234739678
77.3042612237552
77.8333767986751
77.2100584993815
65.5200750931436
74.5092554477259
74.7495211409077
68.5758951915618
73.4261286212235
81.612758118462
63.1473400334221
73.038498008973
73.7998971998336
76.1910022725682
62.1479378203104
67.5132061229625
64.3243025308733
76.9546007695582
80.3923610787995
73.1141995982334
65.5491303520039
75.7977270792791
64.206408087336
59.3505335669878
62.1711027246184
69.951644300564
84.6852209091546
67.059132172565
77.9833648286794
60.562968800215
86.1850825064238
70.1523078365462
64.8461418546794
58.1066878024263
80.803674718558
72.0178475665359
78.5817294607577
70.5375962829899
56.7104337145814
73.4163291731129
68.3236646199815
48.9414161628543
71.5005251503919
64.7401502150163
78.8108418880587
77.0647229889952
75.5630585543214
69.8833486739347
76.5272549209825
68.5692651395056
68.7071643834913
84.8816227459028
66.1244065559765
65.2705254480791
67.2913561616084
68.3056703909197
73.4658282399557
66.0893760349615
59.9353000453286
79.2342272244394
68.5502645377114
75.0064650981225
78.1521722724508
66.9367796878378
62.3817907625409
70.2974637536698
68.4833733309465
67.2183623166554
69.1734569886871
67.3886016194091
77.4844868012285
62.8552022477785
79.0976111878499
69.4109398377337
67.1362873007751
69.7999882113066
71.7326743092767
70.5439884077163
71.1195273786332
65.9710691306616
66.4366619566146
69.7752048857164
69.3682659307129
82.7053788688936
61.9512437627651
80.6871315340342
67.4546502931856
71.2793866651413
73.3184019000596
70.7800938839166
66.3302245244662
66.103878169295
66.7352103181256
67.3314493609716
71.4118735563638
80.9952699161328
73.0117550890095
70.9697675113658
74.7556644446714
66.0144591414523
75.3739360887063
73.2855148707216
70.8891115080127
61.0992880070325
69.447884742462
74.8180164963408
72.3193124305366
67.5720398406002
70.1513236103159
59.9623615286455
63.3403917972498
72.199201851971
81.9985820298174
70.5944748282454
59.5472409051755
61.1890089562709
63.9217833549503
74.1636966070104
63.1411538301671
71.7611333308574
58.3264531982477
56.7939472682676
77.4059327394599
76.5211978211831
82.6175817341335
79.8958630908179
78.1822877792881
65.2525616346319
65.5619599587456
76.2020481251408
64.1284326917779
72.1947004533329
71.7349761421813
61.8397089386033
72.1980788967404
80.2832278206041
68.609303154336
67.7845627328517
87.8234068227757
62.3768240815015
59.0788757040176
77.9620364082239
58.0531240307155
69.9011007901796
77.6493760736166
62.4130594389125
79.897823826597
80.6119702245806
60.4972032487839
61.0273342226087
73.6903595381401
80.7304093910945
67.2108308343916
74.5648645082755
68.0373994599336
67.0143727376538
67.9039491400663
79.6640596126935
74.6561539404835
76.6769829273518
67.3001202384748
54.0666819288765
63.5647406373158
74.0111628946847
66.4175918972154
57.3172371846558
81.3124553088728
69.0165362245413
65.1995381381892
61.9540846306055
58.3199279904692
63.5844416220813
69.2374663312396
83.339878941365
56.7995475997831
74.2515474451027
63.3159517159015
63.8406074701995
68.5422224481688
82.5337826258753
62.9683654096594
55.3546630515353
69.9468547463894
56.1808399940452
83.2098723158482
79.2268079984606
58.809800811647
70.6046647702081
80.2596705996804
85.3271425575567
74.0880399510387
57.4932931398476
82.7976720412315
71.5401307573334
68.1698524997328
73.0413161299965
57.474568273673
74.2505891814549
68.2640420938068
75.6020407097677
71.3343196020619
65.175704816481
69.9052885113779
62.9182297225889
68.3723537246037
61.0997655918134
67.0598700033842
64.1137259391941
69.2702922943227
76.2065519988567
79.1797355290239
64.6539873739153
67.0792117844347
68.4013606859528
74.5836768825137
62.2125797659323
82.3417776415425
73.418356047257
66.6582903077584
68.9413941145448
71.0000316199228
80.7268581824311
64.1894426996426
69.3943807992327
76.3091303935536
60.7585964435859
67.8539206038814
73.2943998860416
64.8126355266779
74.5178862602315
68.0202539283835
64.6718822791576
85.9939666633669
66.9016941897153
73.5942418960278
69.7856331645914
63.4255148260222
84.4540492035003
82.5174452355226
59.9638813820647
65.3299231250866
69.5684453483938
74.1907401942168
61.2495313039849
74.3888470489666
78.2978836697006
57.9228679107593
79.7389712060618
77.3490141861599
82.6314862776723
63.0846827882329
74.2009782772744
66.3107683859384
72.2006948575104
66.1738579477652
73.2460682787138
61.3210544812196
70.6807610163049
74.756164880857
65.823218756097
87.7582195685407
75.8114894323694
65.7962634450888
74.964683445943
78.5445133944869
73.0733139851635
70.3324909581841
69.8459257913587
76.7549129136219
67.111797544637
62.454854274247
69.643717327072
64.6434030257408
70.3431206314138
68.2617249748871
64.2883912033489
67.2254945193721
51.1357806225629
70.2762930613122
59.0567596150026
74.4485681152336
77.0920871594769
59.079993392516
64.9793932776746
73.0680867445527
65.6436059446519
66.8315440048939
67.6571430376544
68.3809723841804
74.4215608766296
83.4154519106652
57.5000588238303
71.5592586494523
84.0240995880064
59.9756885971914
68.2644493316268
64.8284759539179
69.1930813017723
57.9800495513229
76.7952527536555
70.7573475454567
63.3434722303635
64.5654631143358
72.5599945557075
69.0953288006394
70.3315334086804
68.1112164614108
60.3801993321523
70.1589874210378
69.3251046655883
51.1785539343866
78.6126703012234
64.7298090627186
73.3728506075296
68.6784173213734
59.279293730676
69.5657193068005
76.2571026168215
71.5101584213092
60.2230918672967
69.1234820304387
68.9790317679937
71.8203033264156
78.2339902913902
58.4586925936523
59.5940489203844
72.3112933560009
68.4030243643534
64.5622700583049
66.9355816291971
55.9715317492438
71.8593793305197
74.2210345677111
57.9178705359209
62.143524050553
66.851201324414
72.6722323661398
66.0259106087563
70.1540232187998
65.1198756523272
70.9988676789562
64.6399016253535
84.684347640772
70.8772057308263
72.4393227755223
64.7934482061925
72.2435053787354
70.5170870220215
57.8678285758486
62.8010559266054
65.7115667309399
67.4049352404838
60.3784186380462
67.2050489504355
51.4738285542938
80.6292112771387
74.5815316428445
77.2236593019523
68.3881447766294
61.8904312343796
68.9549134311747
80.1283392910489
84.6564980745229
74.7337797800214
69.0771942692486
74.419507025808
69.7579767973627
70.642672688266
73.7376027208549
68.1115886554624
62.4451308387357
75.5144208865561
58.1680997384216
73.3494088861824
63.0304802641558
65.4106749949711
68.5426653836316
81.0419800998163
65.3920606953733
67.5208229657661
73.6040280585929
66.7177196886911
64.6693704637547
74.2956809424094
68.3029578151985
72.1370012148553
66.9553256951135
77.8158016125343
74.9507333388844
67.5107004113449
57.5639318709155
65.9280708281094
61.7757369096181
76.4126708950505
62.1858345575393
68.9451141850206
68.1573532056452
64.2393458917573
67.5018517658976
71.5621091724391
69.3399557552032
71.6537437736813
64.0579997321987
58.5749277279589
65.2977998163883
66.2303570095325
49.5245717325419
72.9293398074704
76.6266241669794
60.6263817252224
87.1366633616877
67.6202343676581
78.3219913398354
57.2158328334569
74.0058109334263
61.1429313139366
76.5123706100935
64.031457808953
61.1684379417301
75.9111841298178
69.0766536651522
80.2996298759875
64.9075242801763
68.6431122806256
73.9996263069525
72.9017380305829
70.4413577807287
77.1334875988382
57.2694123031551
70.4143248022748
59.1987742264421
72.7126068680363
73.9325331326636
77.4580454986969
68.9468561635143
64.8638932482234
63.4288900733165
88.0698019669447
76.534922548259
56.4633170332628
67.16628796245
72.5991296873965
57.1116556828704
66.4246214731965
78.8484424813101
69.1938446695357
74.9251544857595
77.969534496109
68.0665777296535
68.7400840958441
67.6400492776133
65.0524866665937
73.1336626422382
69.2102949667087
73.2402049949931
77.8094047039874
68.6706342408647
64.7127510603966
66.4305730808298
